1975  7   329.39
1975  8   329.86
1975  9   330.05
1975 10   330.27
1975 11   330.47
1975 12   330.08
1976  1   329.46
1976  2   329.23
1976  3   329.18
1976  4   329.37
1976  5   329.61
1976  6   329.78
1976  7   330.16
1976  8   330.69
1976  9   331.16
1976 10   331.52
1976 11   331.49
1976 12   331.07
1977  1   330.84
1977  2   330.86
1977  3   330.72
1977  4   330.53
1977  5   330.67
1977  6   331.01
1977  7   331.56
1977  8   332.49
1977  9   333.00
1977 10   332.82
1977 11   332.49
1977 12   332.39
1978  1   332.46
1978  2   332.35
1978  3   332.28
1978  4   332.60
1978  5   333.14
1978  6   333.48
1978  7   333.85
1978  8   334.38
1978  9   334.84
1978 10   335.33
1978 11   335.28
1978 12   334.81
1979  1   334.35
1979  2   333.89
1979  3   333.65
1979  4   333.82
1979  5   334.21
1979  6   334.43
1979  7   334.97
1979  8   335.56
1979  9   335.60
1979 10   335.59
1979 11   335.65
1979 12   335.79
1981  7   339.21
1981  8   339.55
1981  9   339.55
1981 10   339.50
1981 11   339.41
1981 12   339.13
1982  1   338.93
1982  2   338.80
1982  3   338.74
1982  4   339.01
1982  5   339.25
1982  6   339.35
1982  7   339.66
1982  8   340.12
1982  9   340.41
1982 10   340.46
1982 11   340.29
1982 12   340.07
1983  1   339.96
1983  2   339.81
1983  3   339.78
1983  4   340.22
1983  5   340.71
1983  6   340.93
1983  7   341.26
1983  8   341.81
1983  9   342.09
1983 10   342.12
1983 11   342.08
1983 12   341.96
1984  1   341.84
1984  2   341.76
1984  3   341.68
1984  4   341.66
1984  5   341.79
1984  6   342.02
1984  7   342.44
1984  8   342.93
1984  9   343.23
1984 10   343.30
1984 11   343.19
1984 12   343.08
1985  1   343.05
1985  2   343.14
1985  3   343.05
1985  4   343.06
1985  5   343.34
1985  6   343.59
1985  7   344.10
1985  8   344.65
1985  9   344.81
1985 10   344.88
1985 11   344.85
1985 12   344.75
1986  1   344.65
1986  2   344.42
1986  3   344.35
1986  4   344.48
1986  5   344.68
1986  6   344.94
1986  7   345.29
1986  8   345.82
1986  9   346.14
1986 10   346.12
1986 11   346.05
1986 12   345.99
1987  1   345.96
1987  2   345.96
1987  3   346.05
1987  4   346.23
1987  5   346.40
1987  6   346.85
1987  7   347.37
1987  8   347.80
1987  9   348.27
1987 10   348.47
1987 11   348.49
1987 12   348.51
1988  1   348.39
1988  2   348.17
1988  3   348.25
1988  4   348.50
1988  5   348.65
1988  6   348.96
1988  7   349.35
1988  8   349.78
1988  9   350.04
1988 10   350.15
1988 11   350.12
1988 12   350.04
1989  1   350.11
1989  2   350.09
1989  3   350.08
1989  4   350.17
1989  5   350.30
1989  6   350.58
1989  7   351.01
1989  8   351.47
1989  9   351.67
1989 10   351.82
1989 11   352.11
1989 12   351.95
1990  1   351.41
1990  2   351.11
1990  3   351.01
1990  4   351.23
1990  5   351.71
1990  6   351.93
1990  7   352.27
1990  8   352.68
1990  9   352.86
1990 10   353.01
1990 11   352.98
1990 12   352.87
1991  1   352.81
1991  2   352.57
1991  3   352.54
1991  4   352.85
1991  5   352.97
1991  6   353.18
1991  7   353.72
1991  8   354.06
1991  9   354.14
1991 10   354.09
1991 11   354.06
1991 12   354.07
1992  1   353.81
1992  2   353.44
1992  3   353.28
1992  4   353.50
1992  5   353.83
1992  6   354.29
1992  7   354.84
1992  8   355.20
1992  9   355.39
1992 10   355.37
1992 11   355.31
1992 12   355.15
1993  1   354.88
1993  2   354.70
1993  3   354.61
1993  4   354.65
1993  5   354.76
1993  6   355.06
1993  7   355.57
1993  8   355.93
1993  9   356.05
1993 10   356.05
1993 11   355.93
1993 12   355.74
1994  1   355.64
1994  2   355.67
1994  3   355.78
1994  4   355.82
1994  5   355.85
1994  6   356.22
1994  7   356.65
1994  8   357.13
1994  9   357.58
1994 10   357.66
1994 11   357.62
1994 12   357.59
1995  1   357.54
1995  2   357.51
1995  3   357.55
1995  4   357.78
1995  5   357.96
1995  6   358.13
1995  7   358.52
1995  8   358.88
1995  9   359.10
1995 10   359.49
1995 11   359.64
1995 12   359.44
1996  1   359.47
1996  2   359.51
1996  3   359.48
1996  4   359.45
1996  5   359.46
1996  6   359.64
1996  7   360.11
1996  8   360.60
1996  9   360.76
1996 10   360.71
1996 11   360.62
1996 12   360.69
1997  1   360.75
1997  2   360.74
1997  3   360.70
1997  4   360.78
1997  5   361.10
1997  6   361.35
1997  7   361.56
1997  8   361.92
1997  9   362.23
1997 10   362.34
1997 11   362.43
1997 12   362.43
1998  1   362.41
1998  2   362.58
1998  3   362.81
1998  4   363.05
1998  5   363.39
1998  6   363.84
1998  7   364.40
1998  8   364.93
1998  9   365.24
1998 10   365.31
1998 11   365.29
1998 12   365.30
1999  1   365.29
1999  2   365.21
1999  3   365.21
1999  4   365.31
1999  5   365.50
1999  6   365.73
1999  7   365.97
1999  8   366.34
1999  9   366.68
1999 10   366.82
1999 11   366.90
1999 12   366.82
2000  1   366.69
2000  2   366.52
2000  3   366.36
2000  4   366.38
2000  5   366.55
2000  6   366.77
2000  7   367.11
2000  8   367.57
2000  9   367.79
2000 10   367.87
2000 11   367.96
2000 12   367.97
2001  1   367.91
2001  7   368.93
2001  8   369.34
2001  9   369.67
2001 10   370.00
2001 11   370.02
2001 12   369.82
2002  1   369.63
2002  2   369.56
2002  3   369.63
2002  4   369.80
2002  5   370.09
2002  6   370.49
2002  7   371.02
2002  8   371.57
2002  9   371.94
2002 10   372.17
2002 11   372.14
2002 12   372.03
2003  1   372.15
2003  2   372.25
2003  3   372.29
2003  4   372.41
2003  5   372.73
2003  6   373.08
2003  7   373.42
2003  8   373.88
2003  9   374.22
2003 10   374.21
2003 11   374.14
2003 12   374.16
2004  1   374.07
2004  2   373.93
2004  3   373.94
2004  4   374.11
2004  5   374.39
2004  6   374.76
2004  7   375.19
2004  8   375.69
2004  9   375.95
2004 10   375.96
2004 11   375.85
2004 12   375.79
2005  1   375.72
2005  2   375.50
2005  3   375.52
2005  4   375.83
2005  5   376.25
2005  6   376.80
2005  7   377.29
2005  8   377.73
2005  9   378.05
2005 10   378.15
2005 11   378.10
2005 12   378.09
2006  1   378.01
2006  2   377.91
2006  3   378.03
2006  4   378.24
2006  5   378.48
2006  6   378.72
2006  7   379.09
2006  8   379.50
2006  9   379.73
2006 10   379.85
2006 11   379.87
2006 12   379.82
2007  1   379.81
2007  2   379.83
2007  3   379.87
2007  4   380.10
2007  5   380.48
2007  6   380.83
2007  7   381.24
2007  8   381.70
2007  9   382.03
2007 10   382.14
2007 11   382.16
2007 12   382.16
2008  1   382.07
2008  2   382.08
2008  3   382.20
2008  4   382.29
2008  5   382.38
2008  6   382.64
2008  7   383.16
2008  8   383.62
2008  9   383.86
2008 10   383.98
2008 11   383.94
2008 12   383.88
2009  1   383.79
2009  2   383.54
2009  3   383.51
2009  4   383.69
2009  5   383.84
2009  6   384.13
2009  7   384.57
2009  8   384.92
2009  9   385.19
2009 10   385.44
2009 11   385.49
2009 12   385.43
2010  1   385.37
2010  2   385.16
2010  3   385.03
2010  4   385.12
2010  5   385.38
2010  6   385.92
2010  7   386.58
2010  8   387.27
2010  9   387.60
2010 10   387.66
2010 11   387.68
2010 12   387.59
2011  1   387.49
2011  2   387.30
2011  3   387.16
2011  4   387.28
2011  5   387.48
2011  6   387.76
2011  7   388.19
2011  8   388.71
2011  9   389.07
2011 10   389.25
2011 11   389.36
2011 12   389.40
2012  1   389.08
2012  2   388.70
2012  3   388.80
2012  4   389.12
2012  5   389.38
2012  6   389.76
2012  7   390.46
2012  8   391.13
2012  9   391.43
2012 10   391.51
2012 11   391.54
2012 12   391.56
2013  1   391.57
2013  2   391.53
2013  3   391.56
2013  4   391.92
2013  5   392.43
2013  6   392.86
2013  7   393.42
2013  8   393.98
2013  9   394.26
2013 10   394.27
2013 11   394.20
2013 12   394.21
2014  1   394.15
2014  2   394.00
2014  3   393.91
2014  4   394.05
2014  5   394.43
2014  6   394.82
2014  7   395.26
2014  8   395.75
2014  9   396.09
2014 10   396.20
2014 11   396.16
2014 12   396.11
2015  1   396.07
2015  2   395.99
2015  3   396.05
2015  4   396.40
2015  5   396.83
2015  6   397.22
2015  7   397.66
2015  8   398.25
2015  9   398.70
2015 10   398.78
2015 11   398.84
2015 12   398.86
2016  1   398.86
2016  2   399.06
2016  3   399.25
2016  4   399.55
2016  5   400.18
2016  6   400.69
2016  7   401.18
2016  8   401.64
2016  9   401.87
2016 10   401.95
2016 11   401.79
2016 12   401.63
2017  1   401.56
2017  2   401.45
2017  3   401.36
2017  4   401.47
2017  5   401.91
2017  6   402.32
2017  7   402.79
2017  8   403.44
2017  9   403.83
2017 10   403.92
2017 11   403.91
2017 12   403.93
2018  1   403.94
2018  2   403.88
2018  3   403.98
2018  4   404.24
2018  5   404.57
2018  6   404.93
2018  7   405.36
2018  8   405.85
2018  9   406.17
2018 10   406.35
2018 11   406.44
2018 12   406.41
2019  1   406.23
2019  2   406.19
2019  3   406.13
2019  4   406.33
2019  5   406.89
2019  6   407.36
2019  7   408.00
2019  8   408.62
2019  9   408.93
2019 10   409.07
2019 11   409.15
2019 12   409.13
